0.687151 -0.636061 0.351070
0.641845 -0.232436 0.730759
0.606825 0.629365 0.485451
0.501835 0.612707 0.610534
-0.683857 0.450334 0.574055
-0.493894 -0.137710 0.858548
-0.636201 0.372391 0.675703
0.851855 -0.078785 0.517819
-0.051261 0.216594 0.974915
0.658176 -0.726097 0.198966
0.603351 0.247584 0.758070
0.686614 -0.089142 0.721537
0.226818 0.552577 0.802005
-0.741481 0.327178 0.585799
-0.366696 0.771805 0.519472
0.238979 0.647361 0.723749
-0.614121 -0.664634 0.425579
0.328900 0.035730 0.943689
0.769607 0.633896 0.076682
-0.575359 -0.794269 0.195191
-0.608405 0.637947 0.472087
-0.658203 0.089686 0.747479
-0.913833 -0.389451 0.115050
0.272020 -0.871201 0.408673
-0.519856 -0.851058 0.073831
0.411266 0.672267 0.615563
0.686633 0.578928 0.439747
-0.097612 -0.192980 0.976335
-0.710703 -0.205920 0.672680
-0.622197 0.068071 0.779896
-0.296696 0.405710 0.864506
